厉钱数量,初始源石锭数量,失败概率,成功概率,中间态概率
4,0,1.0,0.0,0.0
4,4,1.0,0.0,0.0
4,8,1.0,0.0,0.0
4,12,1.0,0.0,0.0
4,16,1.0,0.0,0.0
4,20,1.0,0.0,0.0
4,24,1.0,0.0,0.0
4,28,1.0,0.0,0.0
4,32,1.0,0.0,0.0
4,36,1.0,0.0,0.0
4,40,1.0,0.0,0.0
4,44,1.0,0.0,0.0
4,48,1.0,0.0,0.0
4,52,1.0,0.0,0.0
4,56,1.0,0.0,0.0
4,60,1.0,0.0,0.0
4,64,1.0,0.0,0.0
4,68,1.0,0.0,0.0
4,72,1.0,0.0,0.0
4,76,1.0,0.0,0.0
4,80,1.0,0.0,0.0
4,84,1.0,0.0,0.0
4,88,1.0,0.0,0.0
4,92,1.0,0.0,0.0
4,96,1.0,0.0,0.0
4,100,1.0,0.0,0.0
4,104,1.0,0.0,0.0
4,108,0.9999999999999999,0.0,0.0
4,112,1.0,0.0,0.0
4,116,1.0,0.0,0.0
4,120,1.0,3.4291517036585494e-18,4.20485977959934e-20
4,124,0.999999999992902,7.013153852470879e-12,8.002821135404627e-14
4,128,0.9999999996806095,3.158506839278273e-10,3.536968885169555e-12
4,132,0.9999999951137004,4.832886278700701e-09,5.341066860398992e-11
4,136,0.9999999717428338,2.7950635576331057e-08,3.065271349206549e-10
4,140,0.9999998958418315,1.0303607564035352e-07,1.1220902162420192e-09
4,144,0.9999996900794434,3.065957428628535e-07,3.324812461025208e-09
4,148,0.9999991880975538,8.032409082612159e-07,8.661536803508708e-09
4,152,0.9999981699715512,1.8105992585765282e-06,1.9429189439354285e-08
4,156,0.9999965211947546,3.442020805789713e-06,3.678443945259356e-08
4,160,0.9999936478660995,6.285267636680154e-06,6.686626276571959e-08
4,164,0.9999880914917685,1.1783778583030823e-05,1.2472964852760097e-07
4,168,0.999981972401135,1.783936968177166e-05,1.8822918399404537e-07
4,172,0.9999716760959236,2.802924124564786e-05,2.9466283034389555e-07
4,176,0.9999608123413053,3.878107761182523e-05,4.065810823003371e-07
4,180,0.9999403544442285,5.9029731624439444e-05,6.158241466445279e-07
4,184,0.9999211569332538,7.80310149879159e-05,8.120517587458056e-07
4,188,0.9998940909090797,0.0001048221173712282,1.0869735492771289e-06
4,192,0.9998618928140742,0.00013669386838665787,1.4133175383987886e-06
4,196,0.9998173076883834,0.00018082929833297229,1.8630132826058444e-06
4,200,0.9997681726696559,0.0002294708896607688,2.35644068292389e-06
4,204,0.9997144766884298,0.0002826285135537695,2.894798016447199e-06
4,208,0.9996481377899116,0.0003483046695429293,3.5575405464298562e-06
4,212,0.9995675400449687,0.00042809815879184173,4.3617962394151765e-06
4,216,0.999481158892754,0.0005136237183179286,5.2173889279875595e-06
4,220,0.9993860269250289,0.0006078116526466507,6.161422324427559e-06
4,224,0.9992724771366077,0.0007202393567660044,7.283506626338219e-06
4,228,0.9991267891354135,0.0008644939928850304,8.716871701183801e-06
4,232,0.9989942061382582,0.0009957698931855545,1.0023968557204829e-05
4,236,0.9988311350117829,0.001157243687319634,1.1621300897991928e-05
4,240,0.9986540415389435,0.001332599704257471,1.3358756799390855e-05
4,244,0.9984436930745821,0.001540901031694914,1.5405893723121387e-05
4,248,0.9982361361185403,0.0017464382864490076,1.7425595010615692e-05
4,252,0.9980040356908101,0.001976288762072581,1.967554711692248e-05
4,256,0.9977493499424185,0.002228500407197464,2.214965038484958e-05
4,260,0.9974510073859588,0.002523966975336239,2.5025638704732365e-05
4,264,0.9971480311983061,0.002824021713494177,2.7947088198811913e-05
4,268,0.996842688152927,0.003126417932442073,3.089391463029038e-05
4,272,0.9964748568756626,0.0034907299009320457,3.441322340495592e-05
4,276,0.9960905437692836,0.0038713589949599925,3.8097235755872335e-05
4,280,0.9956874403652383,0.004270607238602126,4.195239615915766e-05
4,284,0.9952685857832313,0.004685472995899215,4.5941220868758497e-05
4,288,0.9948042707148037,0.005145389266024237,5.034001917209141e-05
4,292,0.9942892558342195,0.005655525555140952,5.5218610638968724e-05
4,296,0.9937982138893557,0.006141896706749254,5.988940389491023e-05
4,300,0.9932531387395026,0.006681823101180233,6.503815931658894e-05
4,304,0.9926589760379796,0.0072703929389755385,7.063102304424188e-05
4,308,0.9920573143859465,0.007866407912468586,7.627770158510584e-05
4,312,0.9914387260157078,0.008479191672269414,8.20823120226335e-05
4,316,0.9907877433415773,0.009124067943831025,8.818871459134983e-05
4,320,0.9900962203210188,0.00980909930213606,9.468037684352826e-05
4,324,0.9893459033720728,0.0105524295884084,0.0001016670395188006
4,328,0.9885666219379466,0.011324471980189153,0.00010890608186396147
4,332,0.987814688813127,0.012069457369475386,0.00011585381739753471
4,336,0.9869461004955488,0.012930057408954912,0.00012384209549602478
4,340,0.9860876658013235,0.013780548189808794,0.00013178600886726595
4,344,0.9852024237826298,0.014657548515943336,0.00014002770142623505
4,348,0.9843125580822969,0.01553920723277496,0.00014823468492704378
4,352,0.9833518003236879,0.016491193984779495,0.00015700569153161788
4,356,0.9823464861827219,0.01748737773512819,0.000166136082149235
4,360,0.9813487043260327,0.018476040893525482,0.00017525478044061043
4,364,0.9803320234624358,0.019483472991384296,0.0001845035461802961
4,368,0.9792570844586054,0.020548565032255217,0.00019435050913859257
4,372,0.9781531806515895,0.021642325174499297,0.00020449417391058778
4,376,0.9770135586672397,0.02277155967735827,0.00021488165540137262
4,380,0.9758634688275292,0.02391128446451956,0.00022524670795081892
4,384,0.9746416911793276,0.025122185150321878,0.00023612367034945837
4,388,0.9734017738668245,0.026351082927233437,0.0002471432059410705
4,392,0.9721178754900716,0.027623429107250737,0.0002586954026765687
4,396,0.9708874870925411,0.0288427113405099,0.00026980156694853354
4,400,0.9695338150810826,0.03018421071763626,0.0002819742012806928
4,404,0.9681509265424354,0.03155473597865796,0.000294337478906258
4,408,0.9667918816131686,0.032901700124505016,0.0003064182623255212
4,412,0.9654444913193846,0.034237201343027795,0.00031830733758681564
4,416,0.9640037999062628,0.035665260252091414,0.0003309398416448754
4,420,0.9625804936588503,0.03707597697243795,0.0003435293687106301
4,424,0.9611097953724234,0.03853359993509375,0.00035660469248178356
4,428,0.9596409107417061,0.039989539737831745,0.0003695495204615084
4,432,0.9581286554722168,0.041488584486793066,0.0003827600409892687
4,436,0.9565660093250915,0.04303752511120687,0.0003964655637006581
4,440,0.9550087509365568,0.04458109128375471,0.00041015777968774056
4,444,0.9534415692847643,0.046134495935134946,0.0004239347800995099
4,448,0.9518293050317007,0.04773271926447823,0.00043797570382002424
4,452,0.9502003863949369,0.04934749740867592,0.00045211619638592127
4,456,0.9485011606323385,0.05103208701852142,0.00046675234913898033
4,460,0.9468464827320685,0.05267264530716737,0.00048087196076309843
4,464,0.9451178627738099,0.05438665156590681,0.000495485660282176
4,468,0.9433944725388381,0.056095330344484114,0.0005101971166762308
4,472,0.9416898843800613,0.05778514222877223,0.0005249733911659366
4,476,0.9399790734342355,0.05948107833482121,0.0005398482309425422
4,480,0.9382587577591437,0.06118657611972193,0.000554666121133031
4,484,0.9364657477267554,0.06296432678543937,0.0005699254878039775
4,488,0.9346431613728098,0.06477147911349457,0.0005853595136940557
4,492,0.9328115505849758,0.06658757806763399,0.000600871347388729
4,496,0.9310109469327754,0.06837311549727644,0.0006159375699466056
4,500,0.929161299538848,0.07020723608919784,0.0006314643719528733
4,504,0.927275324271849,0.07207749350921851,0.0006471822189311669
4,508,0.9254359380287787,0.07390166094433348,0.000662401026886239
4,512,0.9236164271863326,0.0757061416088598,0.0006774312048063348
4,516,0.9217303190822487,0.07757658681506628,0.0006930941026832226
4,520,0.9198711207193448,0.07942008648875322,0.0007087927918998887
4,524,0.9180015511957049,0.08127370477784951,0.0007247440264437188
4,528,0.9161330690712313,0.08312634312164302,0.0007405878071241692
4,532,0.9142100190442569,0.08503343640032639,0.0007565445554149797
4,536,0.9122470011113719,0.0869803641920084,0.0007726346966178921
4,540,0.9102863592163113,0.08892511073892827,0.0007885300447588713
4,544,0.9083091828385563,0.09088643779401104,0.000804379367430812
4,548,0.9062976927173678,0.0928819602840662,0.0008203469985643883
4,552,0.9043659597586235,0.09479826399079298,0.0008357762505822294
4,556,0.9023903312707676,0.09675805972668847,0.0008516090025418949
4,560,0.9004642463949615,0.09866871959272579,0.0008670340123112254
4,564,0.8984852437328933,0.1006317170217736,0.0008830392453312758
4,568,0.8965277891631755,0.10257299987959353,0.0008992109572288767
4,572,0.8945908007559842,0.10449378505025286,0.0009154141937613424
4,576,0.8926447176231215,0.10642369473854228,0.0009315876383344364
4,580,0.8906744287002564,0.10837811227073745,0.0009474590290041915
4,584,0.8886368452166851,0.11039969705839946,0.0009634577249138707
4,588,0.8865705275974828,0.11245002701837821,0.000979445384137099
4,592,0.8845020255099,0.11450274415579813,0.0009952303342998026
4,596,0.8824580404812178,0.11653130268019751,0.0010106568385828615
4,600,0.8804214148348828,0.11855248872075139,0.0010260964443638918
4,604,0.8783800932693995,0.12057822566977004,0.0010416810608285866
4,608,0.8763872272685373,0.12255579725098013,0.0010569754804803683
4,612,0.8744221518006156,0.12450552015640391,0.0010723280429785805
4,616,0.8724230319329711,0.12648862849947343,0.001088339567553354
4,620,0.8704431665540652,0.12845225889614248,0.0011045745497904134
4,624,0.8684401670103652,0.13043913308789898,0.0011206999017334366
4,628,0.866428088564045,0.13243528984215866,0.0011366215937939465
4,632,0.8643469674374191,0.13450083127816753,0.0011522012844112895
4,636,0.8622421711552746,0.13659006577860608,0.0011677630661171348
4,640,0.8601317811144329,0.13868531709740223,0.0011829017881627038
4,644,0.858017893497346,0.14078414839295594,0.0011979581096956099
4,648,0.8558863054731434,0.142900685607122,0.0012130089197324003
4,652,0.8538475114400563,0.1449249115201489,0.001227577039792257
4,656,0.8517976094234434,0.14695986114905069,0.0012425294275039303
4,660,0.8497988976120586,0.148943708592036,0.0012573937959028338
4,664,0.8477778261695256,0.1509492109763337,0.00127296285413829
4,668,0.845779939599351,0.15293114626315585,0.0012889141374909804
4,672,0.8437689314286161,0.15492635534452526,0.001304713226856362
4,676,0.8417359654843065,0.15694372648237254,0.0013203080333185628
4,680,0.8396536644141658,0.15901113599468744,0.001335199591144702
4,684,0.837521698436551,0.16112831958133622,0.0013499819821103395
4,688,0.8353674486106047,0.1632680230089074,0.0013645283804854073
4,692,0.8332170360073219,0.16540421006898287,0.0013787539236929855
4,696,0.8310937072988434,0.16751356834631462,0.0013927243548398883
4,700,0.828995477769327,0.16959791065430546,0.0014066115763649981
4,704,0.8269214641048845,0.17165783069303467,0.0014207052020781914
4,708,0.8248959965741245,0.1736691787801642,0.0014348246457087863
4,712,0.8229070149183492,0.17564365907313492,0.0014493260085134633
4,716,0.8209097559375683,0.17762565639860417,0.0014645876638249684
4,720,0.8189074369805808,0.1796124739156483,0.0014800891037680727
4,724,0.8168447796669707,0.18166017138825089,0.0014950489447754821
4,728,0.8147617629402342,0.18372861618145098,0.0015096208783122681
4,732,0.8126016648707097,0.1858749061092737,0.0015234290200146232
4,736,0.8104393997298693,0.18802343208037245,0.001537168189755899
4,740,0.8082682852357224,0.19018141653106502,0.0015502982332103918
4,744,0.8061138340376697,0.19232277400312378,0.0015633919592035756
4,748,0.8039590747223978,0.19446452248190885,0.0015764027956907387
4,752,0.8018904161906222,0.196520374546159,0.001589209263216158
4,756,0.7998372890553539,0.19856024103209724,0.0016024699125459924
4,760,0.797838028891394,0.2005459539781213,0.0016160171304820177
4,764,0.7958425650231876,0.20252700429260956,0.0016304306841998107
4,768,0.7938600070252082,0.2044946373294494,0.0016453556453396591
4,772,0.7917999905140445,0.20654037338587752,0.0016596361000755283
4,776,0.7897141634240832,0.20861221166361688,0.0016736249122972773
4,780,0.7875529246972458,0.2107606288169059,0.0016864464858453094
4,784,0.7853713869715525,0.21292949419924104,0.0016991188292037435
4,788,0.7831764474129581,0.21511221728541569,0.001711335301623777
4,792,0.7809979264894839,0.21727881629929488,0.0017232572112179673
4,796,0.7788546011880921,0.2194103899414242,0.0017350088704808733
4,800,0.7767458377460599,0.22150741826469195,0.0017467439892455041
4,804,0.774681385511679,0.2235597775111116,0.0017588369772062846
4,808,0.7726679559348909,0.22556076106911124,0.001771282995995069
4,812,0.7706997341043706,0.22751582237861812,0.0017844435170081292
4,816,0.7687343279874567,0.22946723419902212,0.0017984378135185042
4,820,0.766709106031081,0.2314786013403762,0.0018122926285399383
4,824,0.7645895542649511,0.23358519606429176,0.0018252496707544298
4,828,0.7624397190945348,0.23572271159470876,0.0018375693107532162
4,832,0.7602203547472294,0.23793072337871005,0.0018489218740575682
4,836,0.7580231016948884,0.24011669646831627,0.0018602018367923677
4,840,0.7558225478955918,0.2423066592674953,0.0018707928369096434
4,844,0.753661098167762,0.2444574540037564,0.0018814478284791885
4,848,0.7515162372066085,0.24659175581389925,0.0018920069794895239
4,852,0.749451587444279,0.2486457222352422,0.0019026903204757482
4,856,0.7474218895260063,0.2506641465834202,0.0019139638905706024
4,860,0.745450246158099,0.2526238599753554,0.0019258938665419642
4,864,0.7434950669332682,0.2545661216413239,0.0019388114254045154
4,868,0.7415197566234735,0.25652815046258237,0.001952092913941082
4,872,0.7393835100552993,0.2586525292650933,0.0019639606796042187
4,876,0.7372376499030476,0.2607867371759388,0.00197561292100996
4,880,0.7349986291102116,0.2630156662159618,0.0019857046738227945
4,884,0.7327794961484624,0.26522469697300705,0.0019958068785271297
4,888,0.7305581094556934,0.2674366056032558,0.00200528494104722
4,892,0.7283731517609902,0.26961223260247974,0.002014615636527286
4,896,0.7262341307045527,0.2717420204185471,0.002023848876897184
4,900,0.7241398678425409,0.2738269088885527,0.002033223268903229
4,904,0.7221033458067054,0.2758535023431314,0.0020431518501605826
4,908,0.7201224943433806,0.2778237586111881,0.002053747045428257
4,912,0.718193939882379,0.27974070113368027,0.0020653589839370696
4,916,0.716247278425127,0.2816750799591965,0.00207764161567358
4,920,0.7141493981340903,0.28376169213698915,0.002088909728917687
4,924,0.7119562282288087,0.285944535861988,0.002099235909199825
4,928,0.7097252533879796,0.2881661059536995,0.0021086406583172676
4,932,0.7074535975209303,0.2904292194524834,0.0021171830265829293
4,936,0.7052284357324701,0.29264589569213684,0.0021256685753897626
4,940,0.7030152101535035,0.29485126431295,0.0021335255335429605
4,944,0.7008631869041102,0.296995240373537,0.0021415727223495374
4,948,0.6987440962766217,0.2991063203117816,0.002149583411593465
4,952,0.6967044009932314,0.301137563582023,0.002158035424742884
4,956,0.6947135636020173,0.3031191837316804,0.002167252666299301
4,960,0.6927857700139752,0.3050367643050098,0.002177465681011663
4,964,0.6908555298834542,0.30695591485694507,0.0021885552595968796
4,968,0.6888370720362861,0.3089635165014893,0.0021994114622201372
4,972,0.6865865865326274,0.31120530479917274,0.0022081086681964143
4,976,0.6843637692308292,0.31341940526731094,0.0022168255018572497
4,980,0.682047670934547,0.3157285281136065,0.0022238009518428287
4,984,0.6797986602981957,0.31797025130698353,0.002231088394817718
4,988,0.6775617001673993,0.32020062314473374,0.002237676687863692
4,992,0.675386328593862,0.32236932164580906,0.0022443497603260865
4,996,0.6732683603546408,0.3244806378327019,0.0022510018126536352
4,1000,0.6712073956425911,0.3265345975180752,0.0022580068393304063
4,1004,0.6692134807609788,0.3285207480452708,0.002265771193747395
4,1008,0.667280908258395,0.3304445980617298,0.0022744936798716263
4,1012,0.6653865794186171,0.3323291014618528,0.0022843191195265986
4,1016,0.6634139588352529,0.3342917622250459,0.00229427893969742
4,1020,0.6611749114893204,0.33652311876461616,0.0023019697460601066
4,1024,0.6588939832057561,0.3387968340194167,0.0023091827748234718
5,0,1.0,0.0,0.0
5,4,1.0,0.0,0.0
5,8,1.0,0.0,0.0
5,12,1.0,0.0,0.0
5,16,1.0,0.0,0.0
5,20,1.0,0.0,0.0
5,24,1.0,0.0,0.0
5,28,1.0,0.0,0.0
5,32,1.0,0.0,0.0
5,36,1.0,0.0,0.0
5,40,1.0,0.0,0.0
5,44,1.0,0.0,0.0
5,48,1.0,0.0,0.0
5,52,1.0,0.0,0.0
5,56,1.0,0.0,0.0
5,60,1.0,0.0,0.0
5,64,1.0,0.0,0.0
5,68,1.0,0.0,0.0
5,72,1.0,0.0,0.0
5,76,1.0,0.0,0.0
5,80,1.0,0.0,0.0
5,84,1.0,0.0,0.0
5,88,1.0,0.0,0.0
5,92,1.0,0.0,0.0
5,96,0.9999999999999999,0.0,0.0
5,100,1.0,0.0,0.0
5,104,1.0,0.0,0.0
5,108,1.0,0.0,0.0
5,112,0.9999999999999999,0.0,0.0
5,116,0.9999999999999999,0.0,0.0
5,120,0.9999999999999988,1.0507465934413402e-15,1.7447559275251917e-21
5,124,0.9999999990319298,9.68066436876389e-10,1.3298202676973128e-15
5,128,0.9999999647181295,3.528182091425088e-08,4.601294918982651e-14
5,132,0.9999995324726945,4.6752671295564575e-07,5.88977724460483e-13
5,136,0.9999975182788641,2.481718072663469e-06,3.059674509876124e-12
5,140,0.999991525523835,8.47446591028803e-06,1.0250410436732979e-11
5,144,0.9999759577064729,2.4042264790315733e-05,2.8734252968815546e-11
5,148,0.999940854238309,5.9145692130503074e-05,6.955748163408394e-11
5,152,0.9998738155888796,0.00012618426486264695,1.4625498435843142e-10
5,156,0.999770587867876,0.00022941186918580073,2.6293513297921215e-10
5,160,0.999601575648,0.00039842390119509475,4.5080295800068387e-10
5,164,0.9992943779673147,0.0007056212464777629,7.862042062159546e-10
5,168,0.9989680455504046,0.0010319533097760854,1.1398151778625905e-09
5,172,0.9984454670929989,0.00155453121009091,1.6969077751857281e-09
5,176,0.997914024312302,0.0020859734290470024,2.2586479218874778e-09
5,180,0.9969905936603358,0.003009403128672541,3.210989635437972e-09
5,184,0.9961277505658966,0.0038722453326312965,4.101469784575974e-09
5,188,0.9949995344138367,0.005000460345685489,5.240475038128314e-09
5,192,0.9936892073896479,0.006310786057629584,6.552720078216258e-09
5,196,0.991972312706942,0.008027679046389536,8.24666555985255e-09
5,200,0.9901742683634805,0.00982572164534689,9.991170292910963e-09
5,204,0.9882310062201356,0.011768981901362812,1.1878498909931015e-08
5,208,0.9859815362357082,0.014018449742723642,1.4021565558838108e-08
5,212,0.9832647895997143,0.016735193793785675,1.660649779994191e-08
5,216,0.9805696891478637,0.01943029174305591,1.9109077949569913e-08
5,220,0.9775738353804502,0.02242614270346482,2.1916082287595746e-08
5,224,0.974187220644916,0.0258127543115761,2.5043505322771315e-08
5,228,0.9700437873951547,0.029956183810126522,2.8794716071080546e-08
5,232,0.9662718245724231,0.033728143200725015,3.2226849484882055e-08
5,236,0.9618741724911832,0.03812579134215455,3.6166659364292535e-08
5,240,0.9571420198853489,0.0428579397016449,4.0413004498845305e-08
5,244,0.9519371939795349,0.04806276108414633,4.4936315535674764e-08
5,248,0.9468270361934167,0.05317291440400102,4.94025793691987e-08
5,252,0.9413498638666554,0.05865008201273993,5.412060066159106e-08
5,256,0.9353942823965948,0.06460565835324697,5.925015596986437e-08
5,260,0.9288666579109977,0.07113327735646394,6.473253579533791e-08
5,264,0.9223679154282909,0.07763201438744467,7.018426219739809e-08
5,268,0.9157599216051817,0.08424000263674283,7.575807215906674e-08
5,272,0.9083409644830243,0.0916589536538795,8.186309351691521e-08
5,276,0.9007881499311147,0.09921176209115545,8.797772687718624e-08
5,280,0.8930813474482413,0.1069185583084122,9.424334348284369e-08
5,284,0.8852797098151592,0.1147201896679125,1.0051692535943858e-07
5,288,0.8769384436922174,0.12306144916303159,1.0714474782801263e-07
5,292,0.8681030813251088,0.1318968047041778,1.1397071060036401e-07
5,296,0.8595807957719184,0.14041908353168703,1.20696391755778e-07
5,300,0.8506492549754051,0.14935061741278705,1.276118046064359e-07
5,304,0.8411418672854362,0.1588579978306692,1.348838911754304e-07
5,308,0.8318220142333231,0.16817784384631654,1.4192035698417283e-07
5,312,0.8222778911991614,0.1777219596552255,1.491456099516496e-07
5,316,0.8126999139806746,0.18729992985533647,1.5616398507990792e-07
5,320,0.8027371721224258,0.19726266437520829,1.6350236283139494e-07
5,324,0.7924724160673177,0.20752741303590802,1.7089677137859733e-07
5,328,0.7820046201320526,0.21799520136492037,1.7850302372693783e-07
5,332,0.7720301186207386,0.2279696957662968,1.856129613898947e-07
5,336,0.7611329148524625,0.23886689201128364,1.9313624987367655e-07
5,340,0.7505022101707575,0.2494975894113597,2.0041787971376272e-07
5,344,0.7397496759259106,0.2602501161807084,2.078933776795593e-07
5,348,0.7292974726764896,0.2707023122283491,2.1509515733565816e-07
5,352,0.7184418045530243,0.28155797299426194,2.2245270968078745e-07
5,356,0.7074065879546019,0.2925931823164749,2.297289190660586e-07
5,360,0.6964363915499392,0.3035633714086419,2.3704141451913072e-07
5,364,0.6856705635301201,0.3143291925292015,2.4394067452167564e-07
5,368,0.6745350947953329,0.3254646542793858,2.5092527665062687e-07
5,372,0.6634859181349188,0.33651382392867135,2.5793640550438983e-07
5,376,0.6523975073451883,0.34760222760762544,2.6504718194894626e-07
5,380,0.6415246907717759,0.35847503727331737,2.719549022144272e-07
5,384,0.6304460332298207,0.36955368806964206,2.7870053242146506e-07
5,388,0.6194441464115014,0.38055556846265276,2.851258408699029e-07
5,392,0.608297018551247,0.3917026898971337,2.915516133643199e-07
5,396,0.5976986762586834,0.4023010260919653,2.9764934667648025e-07
5,400,0.5866679857973641,0.41333171021053233,3.039920981992578e-07
5,404,0.5756861286398713,0.42431356107614177,3.102839810884014e-07
5,408,0.5650164497824434,0.434983233776727,3.164408235754194e-07
5,412,0.5546089458453037,0.4453907317964774,3.223582131515912e-07
5,416,0.5439988230803567,0.45600084898819127,3.2793144682978905e-07
5,420,0.5336164810379701,0.46638318559062253,3.333714015455628e-07
5,424,0.5231708586304042,0.4768288025402713,3.388293190676355e-07
5,428,0.5130020323949701,0.48699762346545944,3.4413956455444433e-07
5,432,0.5028921414060976,0.4971075093848635,3.4920903269775427e-07
5,436,0.49270950247517187,0.5072901432762511,3.5424857122495447e-07
5,440,0.48275156915405565,0.5172480717316532,3.591142851069977e-07
5,444,0.47298041791165474,0.5270192182111161,3.638772232992763e-07
5,448,0.46332043631119024,0.5366791952564314,3.68432371864087e-07
5,452,0.45380310545277164,0.5461965215064346,3.7304078742846596e-07
5,456,0.4441544520549707,0.5558451704314177,3.775136048637595e-07
5,460,0.4348711606607264,0.5651284576439742,3.81695292870555e-07
5,464,0.4255926794602551,0.5744069351098308,3.854299081041995e-07
5,468,0.41644297888031406,0.5835566322291448,3.8889053413140145e-07
5,472,0.4075384892420792,0.5924611184280453,3.923298701239104e-07
5,476,0.3988123429863293,0.6011872611951736,3.9581849078360186e-07
5,480,0.3902863183377263,0.6097132823881294,3.9927413849664065e-07
5,484,0.3817449892817749,0.618254608050197,4.026680208530744e-07
5,488,0.37328606252423047,0.6267135315862256,4.0588953634279286e-07
5,492,0.3649823201664546,0.6350172707927095,4.090408305426927e-07
5,496,0.35698572159031816,0.6430138665466358,4.1186303941816047e-07
5,500,0.34905022174077815,0.6509493635869692,4.1467224540469565e-07
5,504,0.3411681933852367,0.6588313893631005,4.1725165652977007e-07
5,508,0.3336076036208371,0.666391976866528,4.195126291678942e-07
5,512,0.32625847530932944,0.6737411032075286,4.214831366901451e-07
5,516,0.31890473148050924,0.6810948453120174,4.232074661164697e-07
5,520,0.31173685881521346,0.6882627162520112,4.249327694396626e-07
5,524,0.3046833756546128,0.6953161974913712,4.268540092805173e-07
5,528,0.29782416012433455,0.7021754110212217,4.2885443546316225e-07
5,532,0.29105010447667745,0.7089494646590051,4.308643095993952e-07
5,536,0.2843168416704057,0.715682725493923,4.328356640976021e-07
5,540,0.27776185174877016,0.7222377136301292,4.346210935048837e-07
5,544,0.27132074854884547,0.7286788153394085,4.3611173951473447e-07
5,548,0.26499245966549306,0.7350071031976931,4.371368047393466e-07
5,552,0.2589949192293131,0.7410046427896257,4.3798105235949827e-07
5,556,0.2529919322462122,0.7470076292067649,4.385470146079663e-07
5,560,0.2472268194736483,0.7527727416249919,4.3890135329012517e-07
5,564,0.24149614974022696,0.7585034110780934,4.3918167370736243e-07
5,568,0.2358856765880243,0.7641138838473531,4.395646157871854e-07
5,572,0.23044928156323707,0.7695502782389386,4.4019781646740755e-07
5,576,0.22514560107732018,0.7748539578795631,4.4104310919466923e-07
5,580,0.2199730576027501,0.7800265004480196,4.419492216671123e-07
5,584,0.2148250718427318,0.7851744853485064,4.4280875459145866e-07
5,588,0.20973897156958743,0.7902605849475196,4.4348288580238614e-07
5,592,0.20477115818073038,0.7952283979156819,4.4390358066915117e-07
5,596,0.19996016216991222,0.8000393939751123,4.438549688266635e-07
5,600,0.19528165834149983,0.8047178982063179,4.434521742684685e-07
5,604,0.19068513967060544,0.8093144176439154,4.426854740747994e-07
5,608,0.18627263593332347,0.8137269223739385,4.41692730394193e-07
5,612,0.18198521453914895,0.8180143447458222,4.4071502189339867e-07
5,616,0.17773179812072679,0.8222677619371158,4.3994215118560003e-07
5,620,0.17357818375867556,0.8264213767379691,4.395033474618686e-07
5,624,0.1695242504999433,0.8304753101056367,4.3939441282404276e-07
5,628,0.16557965676472947,0.8344199038351734,4.3940009065059064e-07
5,632,0.16169371708791297,0.8383058434775364,4.3943454419795e-07
5,636,0.15784813133420456,0.8421514293199736,4.3934581412832383e-07
5,640,0.1540994892196824,0.8459000717731204,4.3900718954586904e-07
5,644,0.15041803234773718,0.8495815293974869,4.382547689319289e-07
5,648,0.1468047837117382,0.8531947793550188,4.3693323563187537e-07
5,652,0.14339421173699332,0.8566053530473361,4.3521566357402755e-07
5,656,0.14001702732743207,0.859982539453383,4.332191778786547e-07
5,660,0.13676805700195901,0.8632315117777198,4.3122031392114165e-07
5,664,0.13355574508839413,0.8664438254119953,4.294996022979336e-07
5,668,0.13041266639529597,0.8695869053923357,4.282123606539018e-07
5,672,0.12736490172009754,0.8726346709557765,4.273241189917336e-07
5,676,0.12439593012249571,0.8756036432036919,4.2667380302758715e-07
5,680,0.12149950249312028,0.878500071429345,4.260775280222621e-07
5,684,0.11863026603374992,0.8813693085747651,4.2539147707753055e-07
5,688,0.1157977183528737,0.8842018571443668,4.245027520564356e-07
5,692,0.1130304177302866,0.8869691590066062,4.2326309998038077e-07
5,696,0.11033872099592572,0.8896608574966196,4.215074466783413e-07
5,700,0.10772820044762348,0.8922713803112485,4.192411190479421e-07
5,704,0.10518464260480964,0.894814940805197,4.165899869402407e-07
5,708,0.1027361094738342,0.8972634766789086,4.138472498906967e-07
5,712,0.10035679858125753,0.8996427900594093,4.113593250077165e-07
5,716,0.0980091542802685,0.901990436365817,4.093539084027985e-07
5,720,0.09571142374914685,0.9042881684162671,4.078345783218041e-07
5,724,0.09347524748440827,0.9065243458514547,4.066641291706696e-07
5,728,0.09129792192329785,0.9087016725035917,4.0557310215013953e-07
5,732,0.08915668862680495,0.9108429068874717,4.044857156550706e-07
5,736,0.08704242204074163,0.9129571747227184,4.0323653256665845e-07
5,740,0.08497611353820834,0.915023484755051,4.0170673343011806e-07
5,744,0.08294793819467215,0.9170516620703527,3.9973496767063777e-07
5,748,0.080957643951313,0.919041958858639,3.971900400878157e-07
5,752,0.07906808812490894,0.9209315176800515,3.941950325680034e-07
5,756,0.07721238189926341,0.9227872271114025,3.909893263406822e-07
5,760,0.07542280168037338,0.92457681037639,3.8794322834441787e-07
5,764,0.07366186789467846,0.9263377467398646,3.8536544844504325e-07
5,768,0.07193788677411717,0.9280617298728857,3.8335299005579776e-07
5,772,0.07026214673000757,0.9297374715250147,3.8174496991891137e-07
5,776,0.06863035017776704,0.9313692694990823,3.8032314370998283e-07
5,780,0.06703776544609179,0.9329618556118338,3.789420680378281e-07
5,784,0.06546575037367082,0.9345338721853722,3.774409500565092e-07
5,788,0.06391477290899569,0.9360848513484618,3.757425342148123e-07
5,792,0.062397171888049066,0.9376024544359743,3.736759697580282e-07
5,796,0.060916421329170245,0.9390832075583211,3.7111250107913015e-07
5,800,0.05947740958056405,0.9405222223864942,3.6803293347979344e-07
5,804,0.05808131765342322,0.9419183177237788,3.6462279051436473e-07
5,808,0.056734017075708305,0.943265621688623,3.6123566242608104e-07
5,812,0.05542475825103722,0.944574883516696,3.582322596348279e-07
5,816,0.05413789050970083,0.9458617536803255,3.558099664143043e-07
5,820,0.052876391558140064,0.9471232545866008,3.538552519392295e-07
5,824,0.051649030885639456,0.9483506169139588,3.5220039518337696e-07
5,828,0.05045341154220752,0.9495462378703857,3.505873999221041e-07
5,832,0.04927952319731317,0.9507201278486529,3.489540271548167e-07
5,836,0.048122352942070686,0.9518772998921952,3.471657264515325e-07
5,840,0.04698875330439472,0.9530109015941409,3.451014573866733e-07
5,844,0.04587640466915342,0.9541232527058922,3.4262494895588693e-07
5,848,0.04478497141900582,0.9552146889503302,3.396306570428764e-07
5,852,0.04374043321072317,0.9562592305573717,3.362318984205748e-07
5,856,0.04272036728000662,0.9572793000102175,3.327097685764366e-07
5,860,0.04173445015540209,0.958265220402699,3.2944189203361794e-07
5,864,0.04076813168208511,0.9592315416149844,3.267029237297164e-07
5,868,0.03982167213468948,0.9601780033642634,3.245010416320312e-07
5,872,0.03889931279948307,0.9611003645620373,3.226384719645159e-07
5,876,0.038001040748655075,0.9619986383616165,3.208897221300563e-07
5,880,0.037124285070320465,0.962875395749299,3.1918037251105214e-07
5,884,0.0362612730555622,0.9637384095948738,3.173495568725383e-07
5,888,0.035410519631031596,0.9645891650264211,3.1534254046522095e-07
5,892,0.03457682400795076,0.9654228629928142,3.1299922962822e-07
5,896,0.03376172697748598,0.9662379628069381,3.1021557047803057e-07
5,900,0.03296740029814323,0.9670322927166096,3.069852405419108e-07
5,904,0.032197660725601845,0.9678020357654514,3.0350893857731e-07
5,908,0.031453438686568,0.9685462611771966,3.0013622834431425e-07
5,912,0.030730287851306125,0.969269414958521,2.9719016565537003e-07
5,916,0.030021453200848525,0.9699782520015169,2.947976275822954e-07
5,920,0.029325977673901407,0.9706737295635774,2.927625133615638e-07
5,924,0.028648815956966073,0.9713508930864696,2.909565573158214e-07
5,928,0.02798901479672769,0.9720106960221406,2.8918112480221283e-07
5,932,0.027342236761668425,0.972657475865884,2.8737244000662774e-07
5,936,0.026705678987674213,0.9732940355726316,2.8543968647616986e-07
5,940,0.026081107264227476,0.9739186094760005,2.832597641562316e-07
5,944,0.02546833835759529,0.9745313809172133,2.8072518459627837e-07
5,948,0.024867216480943234,0.9751325057616957,2.777573544207439e-07
5,952,0.024287702612180048,0.9757120229177367,2.744700764418256e-07
5,956,0.023723653981147192,0.9762760748800112,2.711388339869738e-07
5,960,0.023177510320625087,0.9768222215783045,2.6810106405103137e-07
5,964,0.02264378683803162,0.9773559475961078,2.655658536248658e-07
5,968,0.022120872055561673,0.9778788645070282,2.634374042253734e-07
5,972,0.021610279212334917,0.9783894592098982,2.6157776011807705e-07
5,976,0.021112872378826544,0.9788868678445476,2.5977662068771577e-07
5,980,0.020627523284193757,0.9793722186957264,2.580200732231714e-07
5,984,0.020150863822167322,0.9798488800137007,2.561641262900945e-07
5,988,0.01968150208701564,0.9803182437532288,2.541597499710705e-07
5,992,0.01922110211378805,0.9807786460126137,2.5187359179618783e-07
5,996,0.018770433050144152,0.9812293177293753,2.492204743816337e-07
5,1000,0.018330241298009295,0.981669512486992,2.4621499245598503e-07
5,1004,0.01790339901661063,0.9820963579342761,2.430491078519739e-07
5,1008,0.017490128636616774,0.9825096313299501,2.4003342770708204e-07
5,1012,0.01708857768893566,0.9829111848862196,2.374248379855603e-07
5,1016,0.01669562568984013,0.983304139050682,2.352594708496236e-07
5,1020,0.016309929142798593,0.9836898375253973,2.333317984568609e-07
5,1024,0.015934077729603445,0.9840656907034152,2.315669747257083e-07
6,0,1.0,0.0,0.0
6,4,1.0,0.0,0.0
6,8,1.0,0.0,0.0
6,12,1.0,0.0,0.0
6,16,1.0,0.0,0.0
6,20,1.0,0.0,0.0
6,24,1.0,0.0,0.0
6,28,1.0,0.0,0.0
6,32,1.0,0.0,0.0
6,36,1.0,0.0,0.0
6,40,1.0,0.0,0.0
6,44,1.0,0.0,0.0
6,48,1.0,0.0,0.0
6,52,1.0,0.0,0.0
6,56,1.0,0.0,0.0
6,60,1.0,0.0,0.0
6,64,1.0,0.0,0.0
6,68,1.0,0.0,0.0
6,72,1.0,0.0,0.0
6,76,1.0,0.0,0.0
6,80,1.0,0.0,0.0
6,84,1.0,0.0,0.0
6,88,1.0,0.0,0.0
6,92,0.9999999999999999,0.0,0.0
6,96,0.9999999999999999,0.0,0.0
6,100,1.0,0.0,0.0
6,104,0.9999999999999999,0.0,0.0
6,108,1.0,0.0,0.0
6,112,1.0,0.0,0.0
6,116,1.0,0.0,0.0
6,120,0.9999999999999772,2.2145316386363296e-14,4.807169265858025e-28
6,124,0.9999999883598132,1.1640185311124529e-08,1.6025742516998845e-22
6,128,0.9999996354267605,3.6457323793618394e-07,4.421485092526613e-21
6,132,0.9999956255579247,4.374442073692226e-06,4.890519365995509e-20
6,136,0.9999781758792935,2.182412070483882e-05,2.309226784922635e-19
6,140,0.9999294005785906,7.059942140755948e-05,7.134463180389921e-19
6,144,0.9998066242600148,0.0001933757399835713,1.894308482010248e-18
6,148,0.9995457879770908,0.00045421202290718386,4.268522398754745e-18
6,152,0.9990705877496062,0.0009294122503916175,8.401732824312888e-18
6,156,0.9983643726998059,0.001635627300192246,1.4364077931251404e-17
6,160,0.9972620179482254,0.0027379820517726247,2.3268043418633345e-17
6,164,0.9953590431271028,0.004640956872895376,3.782534672305599e-17
6,168,0.9933829188954825,0.006617081104515329,5.271006076294236e-17
6,172,0.9903628042636671,0.009637195736330938,7.413697468113806e-17
6,176,0.9873631605129307,0.012636839487066962,9.51811678991336e-17
6,180,0.9825076760001404,0.01749232399985677,1.264939387963713e-16
6,184,0.9779685988355863,0.0220314011644109,1.5588379868031547e-16
6,188,0.9723911813210357,0.027608818678961713,1.8983395035286044e-16
6,192,0.9660729980605083,0.03392700193948851,2.2689485544730034e-16
6,196,0.9581339176367325,0.041866082363264584,2.714866861367757e-16
6,200,0.9502337830842119,0.04976621691578481,3.13248085953972e-16
6,204,0.9416826912505042,0.05831730874949262,3.5921722739307765e-16
6,208,0.9325196511659214,0.06748034883407529,4.0472285119929274e-16
6,212,0.9214296022902132,0.07857039770978326,4.592716365565389e-16
6,216,0.9111967339632753,0.088803266036721,5.06419001393107e-16
6,220,0.8996963468673,0.10030365313269625,5.607004985981551e-16
6,224,0.8874391166791625,0.11256088332083321,6.154230531790773e-16
6,228,0.8731312243760048,0.126868775623991,6.737870080305658e-16
6,232,0.860096640210631,0.13990335978936463,7.28486989457724e-16
6,236,0.8456818852063283,0.15431811479366705,7.851336129344757e-16
6,240,0.8304032531263443,0.16959674687365017,8.455979311114948e-16
6,244,0.8146542452917789,0.18534575470821632,9.009079634013859e-16
6,248,0.799383510880437,0.20061648911955837,9.544066010755496e-16
6,252,0.783562461992079,0.21643753800791593,1.0082235106920438e-15
6,256,0.7668718137159904,0.2331281862840038,1.0622629301815485e-15
6,260,0.7494648408952272,0.2505351591047675,1.11350600193803e-15
6,264,0.7325754789866025,0.2674245210133924,1.1633415261657706e-15
6,268,0.7154119083154141,0.28458809168457955,1.2123614032520538e-15
6,272,0.6973719100848402,0.30262808991515405,1.26120877968781e-15
6,276,0.6795271363590594,0.32047286364093447,1.3039505151096222e-15
6,280,0.6617306999159313,0.33826930008406236,1.3484043554615236e-15
6,284,0.6443186522998207,0.35568134770017346,1.38677906689823e-15
6,288,0.626330102478494,0.37366989752149943,1.4261475428006098e-15
6,292,0.6081780497959173,0.39182195020407684,1.4587358966242014e-15
6,296,0.5905943017605343,0.40940569823945866,1.4941922009507927e-15
6,300,0.5731195137533519,0.42688048624664204,1.5239901392172407e-15
6,304,0.5550616314010653,0.44493836859892855,1.552610944363553e-15
6,308,0.5379379453349217,0.46206205466507144,1.5761631135918886e-15
6,312,0.5206345226622773,0.47936547733771573,1.6016641327647403e-15
6,316,0.504081609642558,0.4959183903574346,1.6192958253420504e-15
6,320,0.48727834441315476,0.5127216555868382,1.6377145613608268e-15
6,324,0.470764426669262,0.5292355733307299,1.6499102349765803e-15
6,328,0.45430562417224746,0.5456943758277445,1.6645650344996374e-15
6,332,0.43884721384752345,0.56115278615247,1.6745797701364541e-15
6,336,0.422882611625789,0.577117388374203,1.6822170241606823e-15
6,340,0.40758641191892725,0.5924135880810663,1.6880567955230637e-15
6,344,0.39252075102767714,0.6074792489723158,1.6925647110381599e-15
6,348,0.37832637845916284,0.6216736215408293,1.6938361654220593e-15
6,352,0.36409604458867784,0.6359039554113151,1.6941937169830594e-15
6,356,0.3501391223610409,0.649860877638952,1.690709051852483e-15
6,360,0.3364889339444906,0.6635110660555038,1.6885853317334837e-15
6,364,0.3235723612398651,0.6764276387601262,1.6830212407054425e-15
6,368,0.31057865975085974,0.6894213402491332,1.6742296515799792e-15
6,372,0.2981565619553082,0.7018434380446842,1.6649864999680323e-15
6,376,0.2860059860918709,0.7139940139081226,1.6544454788103472e-15
6,380,0.2744381328927347,0.7255618671072561,1.6437783884006953e-15
6,384,0.26309653925723087,0.736903460742762,1.630866234243395e-15
6,388,0.25214991268779985,0.747850087312191,1.6172133936046805e-15
6,392,0.24140833827501207,0.758591661724981,1.6020499126917688e-15
6,396,0.23131879075976597,0.7686812092402262,1.5862038929921736e-15
6,400,0.22133441333857978,0.7786655866614115,1.5679395319478669e-15
6,404,0.21166653678980313,0.7883334632101885,1.5493611945087315e-15
6,408,0.20246848020283997,0.7975315197971521,1.5308722597657313e-15
6,412,0.19368157829974536,0.8063184217002468,1.5137783086151056e-15
6,416,0.18513371027697548,0.8148662897230158,1.4930614483879574e-15
6,420,0.17694698881695525,0.823053011183037,1.4734864514162418e-15
6,424,0.1689819151425978,0.8310180848573943,1.4525405006454034e-15
6,428,0.16141525752519284,0.8385847424748,1.4325825320001634e-15
6,432,0.15412727993877934,0.8458727200612124,1.4099944351374512e-15
6,436,0.1470543465580206,0.8529456534419713,1.3878513232655911e-15
6,440,0.1402819471259311,0.859718052874062,1.3659085380224888e-15
6,444,0.13382411153940293,0.8661758884605903,1.3442566869287618e-15
6,448,0.12766182286442151,0.8723381771355713,1.3211246103493327e-15
6,452,0.12176162724027677,0.8782383727597176,1.2995775804483236e-15
6,456,0.1159835377169806,0.8840164622830132,1.2767054736768558e-15
6,460,0.11052791959736315,0.8894720804026294,1.2556794998326712e-15
6,464,0.10529660633708049,0.8947033936629117,1.2330128888478597e-15
6,468,0.10025610964967141,0.8997438903503203,1.2097229026334675e-15
6,472,0.09547982625645599,0.9045201737435371,1.1863378894897528e-15
6,476,0.09092141614084356,0.909078583859151,1.1634666329259531e-15
6,480,0.08659131815410882,0.9134086818458822,1.1412148379006768e-15
6,484,0.08241837448870958,0.9175816255112842,1.1190111662833893e-15
6,488,0.0784050275340272,0.9215949724659658,1.0968873287442349e-15
6,492,0.07457776798055193,0.925422232019441,1.076007464674359e-15
6,496,0.07096079103244415,0.9290392089675501,1.0551737908214228e-15
6,500,0.06751915195083169,0.9324808480491605,1.0354667626013407e-15
6,504,0.06419445581944581,0.935805544180547,1.01545790483612e-15
6,508,0.06107941483214664,0.9389205851678454,9.95788409879002e-16
6,512,0.05811852903368055,0.9418814709663135,9.761025133204234e-16
6,516,0.055277196522081185,0.9447228034779136,9.552966905462327e-16
6,520,0.0525692623622033,0.9474307376377911,9.346059493601778e-16
6,524,0.04998137150194332,0.9500186284980482,9.145100647115385e-16
6,528,0.04752484979240615,0.9524751502075867,8.954966681525227e-16
6,532,0.04518002486423617,0.9548199751357574,8.771055960526332e-16
6,536,0.04292133711367775,0.9570786628863146,8.594818635742529e-16
6,540,0.04077819516680242,0.9592218048331894,8.425607452146246e-16
6,544,0.03873128697005013,0.9612687130299428,8.258460228428325e-16
6,548,0.036792398488336965,0.9632076015116549,8.089169010476048e-16
6,552,0.03499684342809886,0.9650031565718938,7.933364765439584e-16
6,556,0.033255178056446295,0.9667448219435465,7.769789390004382e-16
6,560,0.03161660451378579,0.9683833954862072,7.602448044874406e-16
6,564,0.03004898282707088,0.969951017172922,7.426395587359817e-16
6,568,0.02854931823009249,0.9714506817699013,7.250930250985003e-16
6,572,0.027133116203762745,0.9728668837962303,7.085300715437245e-16
6,576,0.0257865904930137,0.974213409506979,6.93309737494332e-16
